[LeeNarraway_20100815_001.jpg]
backuphash=5801
[LogIn.jpg]
text=1;125;5;LogIn;Arial;0.051492,0.592870,0.322235,6.283185;v1,4294967295,4294967295,128.000000,1.000000,0.500000,1.000000,700,2,49152;;
backuphash=39426
textactive=1
